
# fitting method   = leastsq
    # function evals   = 394
    # data points      = 700
    # variables        = 17
    chi-square         = 14924.9044
    reduced chi-square = 21.8519830
    Akaike info crit   = 2175.79434
    Bayesian info crit = 2253.16270
    R-squared          = -148441.550
[[Variables]]
    B:        0.00330374 +/- 1.9512e-04 (5.91%) (init = 0.002)
    delta_B: -0.02664780 +/- 0.00492759 (18.49%) (init = -0.053)
    zeta:    -0.11822396 +/- 0.00296148 (2.50%) (init = -0.197)
    T1:       86.1948602 +/- 6.52126263 (7.57%) (init = 87)
    T2:       84.6487688 +/- 5.21640019 (6.16%) (init = 87)
    T3:       93.0839361 +/- 6.31980338 (6.79%) (init = 87)
    T4:       96.6994185 +/- 6.85795955 (7.09%) (init = 87)
    T5:       82.3545579 +/- 6.01598767 (7.30%) (init = 87)
    T6:       75.6956595 +/- 4.58367796 (6.06%) (init = 87)
    T7:       79.0078136 +/- 5.35300565 (6.78%) (init = 87)
    origin1:  0.03458457 +/- 0.01398432 (40.44%) (init = 0.061)
    origin2:  0.00336620 +/- 0.00818635 (243.19%) (init = 0.061)
    origin3: -0.05263649 +/- 0.01161394 (22.06%) (init = 0.061)
    origin4: -0.01972189 +/- 0.01018906 (51.66%) (init = 0.061)
    origin5:  0.07003104 +/- 0.01347507 (19.24%) (init = 0.061)
    origin6:  0.07986274 +/- 0.00684422 (8.57%) (init = 0.061)
    origin7:  0.01699546 +/- 0.00922854 (54.30%) (init = 0.061)

